45.00
8.00
8.00
10.00
53.00
8.00
11.00
9.00
10.00
8.00
9.00
10.00
9.00
9.00
13.00
41.00
42.00
291.00
87.00
117.00
131.00
194.00
91.00
132.00
136.00
74.00
146.00
87.00
62.00
117.00
56.00
233.00
295.00
217.00
141.00
215.00
326.00
245.00
216.00
415.00
539.00
433.00
366.00
366.00
371.00
406.00
399.00
435.00
436.00
366.00
366.00
419.00
401.00
364.00
849.00
373.00
381.00
1338.00
374.00
367.00
217.00
602.00
382.00
376.00
390.00
372.00
397.00
389.00
853.00
979.00
625.00
394.00
357.00
402.00
371.00
392.00
377.00
588.00
1389.00
392.00
372.00
386.00
412.00
412.00
479.00
138.00
279.00
366.00
387.00
353.00
362.00
368.00
402.00
694.00
364.00
362.00
357.00
445.00
356.00
411.00
360.00
437.00
373.00
421.00
360.00
359.00
350.00
309.00
150.00
136.00
159.00
248.00
227.00
40.00
103.00
10.00
20.00
10.00
9.00
26.00
11.00
8.00
8.00
6.00
9.00
8.00
9.00
9.00
8.00
7.00
8.00
9.00
8.00
8.00
25.00
59.00
2.00
2.00
41.00
1.00
2.00
1.00
1.00
