12.00
15.00
16.00
13.00
15.00
16.00
14.00
17.00
14.00
91.00
611.00
134.00
13.00
14.00
34.00
79.00
270.00
136.00
70.00
152.00
189.00
65.00
233.00
145.00
104.00
121.00
76.00
272.00
105.00
114.00
89.00
234.00
217.00
239.00
187.00
165.00
369.00
390.00
246.00
1061.00
445.00
444.00
385.00
367.00
536.00
386.00
923.00
403.00
469.00
366.00
498.00
392.00
572.00
371.00
381.00
401.00
495.00
344.00
355.00
1071.00
364.00
361.00
390.00
368.00
380.00
401.00
355.00
352.00
348.00
349.00
356.00
363.00
402.00
419.00
369.00
384.00
356.00
446.00
470.00
213.00
592.00
381.00
428.00
727.00
1101.00
370.00
363.00
447.00
365.00
374.00
366.00
362.00
373.00
442.00
351.00
355.00
353.00
398.00
345.00
387.00
417.00
362.00
365.00
361.00
593.00
1289.00
50.00
3.00
3.00
12.00
60.00
1.00
1.00
1.00
1.00
2.00
1.00
1.00
1.00
